# omegac[0.200,0.700] sigma8[0.500,1.600]
2.685000000000000164e-01 8.000000000000000444e-01
6.104685308757658024e-01 1.485927989022953088e+00
4.694621149882292066e-01 8.890032450276451614e-01
4.313812890924320631e-01 1.292394726097042756e+00
2.774836743512256176e-01 1.310623551607198234e+00
4.138298054220821420e-01 5.866229853854884047e-01
5.602863508051122432e-01 9.089182019209042229e-01
5.863379719218912989e-01 1.483050127902119542e+00
6.220578891942545319e-01 7.977545089467821260e-01
4.330475314887352045e-01 1.503953841281040038e+00
2.042537131491990177e-01 1.552827369519727219e+00
2.264605069998041342e-01 8.554016329939934105e-01
2.245279028562074397e-01 5.444651302784625502e-01
5.427764803991267373e-01 6.977155128641723270e-01
5.707752984985013933e-01 1.375103368586199970e+00
5.534627838747707695e-01 1.532161800727265488e+00
3.908960924855237051e-01 8.655159741637989956e-01
6.914273795468715011e-01 1.299700254363261198e+00
3.224459701198958417e-01 6.110908454128561873e-01
3.377951296430108385e-01 1.476749263680537494e+00
6.490827526678625281e-01 5.253560352440634906e-01
2.725175774082078672e-01 9.205034206497497706e-01
2.651487356039567422e-01 1.471391111760115944e+00
2.448217448712510236e-01 7.603729430766674735e-01
3.965363931513860019e-01 5.293651104318923828e-01
4.510467828613521912e-01 1.209541390195292720e+00
3.798456439814403285e-01 1.499391594692563778e+00
4.100845399111763268e-01 1.506511207580904177e+00
6.430309385828159030e-01 1.324147927691463167e+00
2.385063653099609160e-01 1.189410515636331711e+00
6.569717884120795937e-01 1.136796140994668747e+00
6.470055304281256969e-01 8.180380670416065314e-01
5.391077987303367625e-01 1.246817001196484087e+00
3.653550447957223390e-01 1.264139639345541521e+00
3.452835850817632668e-01 1.082949204001099730e+00
3.227087108029081941e-01 1.232701884746963961e+00
4.170464538305139746e-01 1.147255730177448418e+00
2.979037253910467031e-01 8.201825239651001631e-01
2.701859666230333468e-01 5.653178012400870145e-01
2.332951054107040012e-01 9.724255053016904737e-01
5.220319898640510825e-01 1.218316996468027380e+00
5.497995734546701208e-01 1.102304653966614589e+00
6.059806966792209426e-01 6.891117385559570874e-01
6.096005408409375104e-01 9.651699261989605816e-01
5.173311883382443188e-01 6.624066779335276989e-01
6.292433931536642877e-01 1.273381123311715601e+00
3.358052103942509303e-01 9.324684057437079288e-01
3.017526236475890355e-01 1.009831200298104470e+00
6.863363743065058475e-01 1.438165953617688064e+00
4.988533538736666384e-01 1.066884597254708522e+00
2.504496607539066777e-01 1.138127486032824098e+00
4.568084696315439230e-01 6.685927602446966045e-01
3.047022777437045082e-01 6.401559860575753991e-01
6.409797055031529744e-01 8.830170226575815295e-01
3.119075082934998355e-01 5.013632977984427974e-01
4.048756803073606525e-01 8.991660066083765335e-01
2.539188827736031384e-01 1.421177444451730887e+00
5.737649341691686278e-01 7.256005602922920295e-01
5.118056250022184894e-01 7.650245766971716099e-01
2.875775555335737255e-01 1.093797569662400493e+00
6.520495941633759340e-01 1.000265568519940196e+00
2.634787140114466797e-01 7.515695751766235944e-01
2.594081540338978864e-01 1.151616126622853287e+00
2.101774517373437290e-01 1.202358971542932586e+00
6.802664099847526291e-01 6.281354362832395344e-01
4.546715818184199898e-01 1.413333947870667018e+00
2.949247776924540654e-01 1.360480668491618417e+00
3.986705478715499296e-01 1.329086169667157202e+00
4.603534857275053960e-01 1.305117476367125606e+00
4.594285865114826617e-01 6.369191657664332595e-01
5.591004875037762778e-01 1.368713759701944532e+00
5.509440380323539221e-01 8.757796169200690040e-01
6.031258598677993188e-01 1.194210576995928363e+00
4.716271798751489053e-01 1.561237003935822543e+00
4.968649248368439131e-01 1.087588559039179614e+00
2.279691022203892969e-01 1.346969218348122332e+00
3.571935721604770353e-01 8.439423614999912449e-01
3.073821602238344108e-01 1.400534639831863437e+00
5.032462800067116770e-01 1.257882341565522033e+00
3.708421505521922734e-01 1.446780387696898540e+00
5.055494607881324542e-01 1.427746510297684068e+00
6.776083973996400722e-01 8.330879058210612920e-01
6.235315016291653745e-01 1.386135570167208897e+00
3.534339351200807000e-01 1.337049031415248113e+00
3.818706829940879954e-01 7.854844469355732883e-01
5.786623528065998334e-01 1.269987031419409940e+00
6.525895468981750547e-01 1.464269737800781623e+00
5.462154178041060959e-01 1.179984341280456928e+00
2.782387904688273794e-01 6.712490681938232395e-01
4.463954260937155194e-01 9.790640498913683043e-01
3.487828449679783449e-01 1.024628244027335100e+00
6.977569804995811253e-01 1.523562575931074914e+00
2.220746225885778802e-01 1.332139749203743229e+00
3.699690686712961973e-01 5.344031692336929096e-01
5.764718261278589662e-01 1.186854769597543990e+00
6.309981074013126801e-01 1.581314996107779036e+00
5.665920700882001171e-01 1.588152306569477812e+00
2.056961362695596818e-01 1.049942035508150795e+00
2.460878853695210866e-01 1.251286592781782891e+00
3.589028763646459064e-01 1.209025355525518153e+00
2.861316093967343210e-01 5.185343448332360161e-01
2.421192641542989632e-01 6.539582813620895552e-01
6.336597298156552149e-01 9.028727557453699593e-01
2.601272843070812080e-01 7.758963569946577543e-01
5.842381079802021482e-01 9.871200621074573966e-01
4.764283280825798994e-01 1.158288672030906019e+00
3.168117566807200358e-01 1.116603593916946746e+00
2.687064192692906195e-01 1.278356937175189056e+00
3.518783344508771282e-01 6.157497534988765064e-01
6.586489347279309570e-01 1.106202884715247414e+00
2.323126204131750194e-01 1.412775602716813683e+00
6.602137441375113269e-01 1.318964870726504923e+00
4.220968273394251069e-01 1.547604088305510661e+00
4.805521135688252676e-01 1.229308404589584791e+00
3.304478153402323759e-01 1.512825332619056384e+00
3.947073296971457257e-01 1.222250515410166827e+00
5.978314781063263084e-01 5.427374495203065585e-01
5.571328948907092737e-01 8.035194773867961882e-01
2.019318078933113325e-01 6.049394093346387447e-01
6.387172425576387313e-01 1.171097856510798341e+00
6.156655763729742548e-01 1.429566180302446199e+00
2.478650416792462785e-01 1.490944958887949090e+00
6.958549734059956693e-01 1.162130927885857146e+00
5.627888653003051411e-01 5.081745567709673450e-01
5.191210142698486907e-01 1.347242850552103022e+00
2.558861536092671973e-01 1.052619229024625902e+00
6.265274633872314203e-01 5.585071619064688742e-01
3.615122550606570950e-01 1.574350484235549130e+00
5.971275859905382788e-01 1.535830873529017593e+00
4.947715634497640291e-01 6.810762569096344698e-01
5.262643823955005518e-01 1.592248553183862825e+00
4.446408670299984989e-01 1.455063842998514101e+00
5.368214201557794940e-01 9.414460408403679814e-01
4.491930374701659234e-01 8.397331731187821502e-01
6.730435445130502625e-01 1.565525421846689857e+00
5.134607392657004610e-01 9.487456994054959125e-01
3.442061747818730977e-01 8.948309889286787389e-01
5.419188181143599348e-01 1.407380228796021981e+00
3.632450803748008550e-01 7.044996809906460822e-01
4.843407732220955109e-01 5.518791873418308347e-01
5.080749380824718386e-01 5.966700664441527691e-01
4.635638362021854419e-01 1.114226263624426894e+00
3.882971584939018950e-01 1.287073121607969384e+00
6.761253385318685138e-01 7.006039775170220807e-01
6.196060854403808715e-01 1.042319455580573484e+00
5.921552985157039206e-01 8.506905528382626702e-01
6.657732938394653743e-01 7.914420784844141687e-01
2.802104695876383444e-01 9.913024260078004968e-01
3.329033216116616956e-01 7.709162668708042787e-01
4.788402601357879540e-01 1.384003704232210197e+00
6.629893359288474564e-01 9.381960726061886469e-01
4.905788890235866506e-01 8.278486571528158589e-01
2.358156557734511216e-01 7.106238990571799308e-01
2.189385107193728697e-01 9.543570916998722620e-01
3.858614790607933775e-01 1.169470479571732113e+00
3.079842583037501469e-01 1.281561452241252397e+00
4.744700827996520820e-01 7.555052042232981435e-01
3.732669127151029831e-01 9.760975659968711415e-01
2.954236088748696809e-01 1.595711251006129094e+00
6.009026442362874754e-01 1.241617914154046876e+00
5.691285028098251875e-01 5.788044843985840071e-01
5.302761311267948363e-01 1.099220738315476398e+00
4.652937819124207119e-01 9.277455692453320246e-01
4.250475260877308314e-01 1.004887400304030898e+00
4.888581465935062931e-01 1.016436393930131077e+00
2.909897256049290837e-01 9.138576106350053685e-01
3.415903149832045238e-01 8.126159334950149304e-01
5.279572366328491029e-01 5.146077815484576545e-01
3.828774566925322032e-01 5.766166009349114052e-01
6.709926318600694106e-01 1.065611267130948558e+00
6.886021770469485936e-01 9.572808319768673080e-01
6.831036247209568701e-01 7.377282580727394512e-01
4.360579740296585127e-01 8.600617378307715555e-01
5.005369506274071068e-01 1.521475367048421345e+00
6.362848349863590158e-01 6.441842447559297247e-01
2.156424037420521245e-01 6.833148741450865149e-01
3.293472515807113199e-01 7.247808386318713714e-01
4.874141339675979734e-01 1.440704973680569712e+00
5.235557426338671716e-01 6.550732584659391122e-01
5.882351825409199986e-01 1.073847979605080383e+00
3.196581975945981258e-01 1.540275278759551947e+00
4.023202393487766981e-01 1.391160422427852428e+00
6.938586003198529140e-01 5.713368906378393230e-01
6.677966000426374116e-01 1.352642972773358210e+00
4.194283746139833013e-01 6.230273488371604884e-01
3.144897209914442882e-01 1.030624718204370183e+00
6.135844372963059623e-01 6.043528269734026459e-01
4.277100492123269149e-01 7.461552283807320052e-01
4.074425357776744749e-01 1.055770364727114385e+00
4.402291795047854062e-01 5.929950201299720725e-01
2.086929495577378446e-01 8.725584654949497532e-01
4.379785343304766765e-01 7.923980469854089437e-01
5.335184646241242223e-01 1.022139857037857702e+00
5.809352506731817467e-01 7.190023710370887500e-01
4.089390049209690181e-01 1.125486893684433776e+00
2.141815178943546061e-01 1.571807175680562940e+00
3.766436617761854677e-01 7.340532477523942223e-01
3.250840386509374902e-01 1.129929263062353417e+00
5.946924307526142428e-01 1.037852167341366538e+00
2.828090502239443693e-01 1.458243988948694003e+00
4.243754739865632786e-01 1.372822676382434715e+00
